0 0 0 0000 0000 0000    
0 0 0 1000 1000 1000    
0 0 0 2000 2000 2000    
0 0 0 3000 3000 3000    
0 0 0 4000 4000 4000    
0 0 0 5000 5000 5000 
0 0 0 6000 6000 6000    
0 0 0 7000 7000 7000    
0 0 0 8000 8000 8000    
0 0 0 9000 9000 9000    
0 0 0 A000 A000 A000    
0 0 0 B000 B000 B000    
0 0 0 C000 C000 C000    
0 0 0 D000 D000 D000    
0 0 0 E000 E000 E000    
0 0 0 F000 F000 F000    
0 0 0 1000 1000 1000    
0 0 0 1100 1100 1100    
0 0 0 1200 1200 1200    
0 0 0 1300 1300 1300    
0 0 0 1400 1400 1400    
0 0 0 1500 1500 1500    
0 0 0 1600 1600 1600    
0 0 0 1700 1700 1700    
0 0 0 1800 1800 1800    
0 0 0 1900 1900 1900    
0 0 0 1A00 1A00 1A00    
0 0 0 1B00 1B00 1B00    
0 0 0 1C00 1C00 1C00    
0 0 0 1D00 1D00 1D00    
0 0 0 1E00 1E00 1E00    
0 0 0 1F00 1F00 1F00    
0 0 0 2000 2000 2000    
0 0 0 2100 2100 2100    
0 0 0 2200 2200 2200    
0 0 0 2300 2300 2300    
0 0 0 2400 2400 2400    
0 0 0 2500 2500 2500    
0 0 0 2600 2600 2600    
0 0 0 2700 2700 2700    
0 0 0 2800 2800 2800    
0 0 0 2900 2900 2900    
0 0 0 2A00 2A00 2A00    
0 0 0 2B00 2B00 2B00    
0 0 0 2C00 2C00 2C00    
0 0 0 2D00 2D00 2D00    
0 0 0 2E00 2E00 2E00    
0 0 0 2F00 2F00 2F00    
0 0 0 3000 3000 3000    
0 0 0 3100 3100 3100    
0 0 0 3200 3200 3200    
0 0 0 3300 3300 3300    
0 0 0 3400 3400 3400    
0 0 0 3500 3500 3500    
0 0 0 3600 3600 3600    
0 0 0 3700 3700 3700    
0 0 0 3800 3800 3800    
0 0 0 3900 3900 3900    
0 0 0 3A00 3A00 3A00    
0 0 0 3B00 3B00 3B00    
0 0 0 3C00 3C00 3C00    
0 0 0 3D00 3D00 3D00    
0 0 0 3E00 3E00 3E00    
0 0 0 3F00 3F00 3F00    
0 0 0 4000 4000 4000    
0 0 0 4100 4100 4100    
0 0 0 4200 4200 4200    
0 0 0 4300 4300 4300    
0 0 0 4400 4400 4400    
0 0 0 4500 4500 4500    
0 0 0 4600 4600 4600    
0 0 0 4700 4700 4700    
0 0 0 4800 4800 4800    
0 0 0 4900 4900 4900    
0 0 0 4A00 4A00 4A00    
0 0 0 4B00 4B00 4B00    
0 0 0 4C00 4C00 4C00    
0 0 0 4D00 4D00 4D00    
0 0 0 4E00 4E00 4E00    
0 0 0 4F00 4F00 4F00    
0 0 0 5000 5000 5000    
0 0 0 5100 5100 5100    
0 0 0 5200 5200 5200    
0 0 0 5300 5300 5300    
0 0 0 5400 5400 5400    
0 0 0 5500 5500 5500    
0 0 0 5600 5600 5600    
0 0 0 5700 5700 5700    
0 0 0 5800 5800 5800    
0 0 0 5900 5900 5900    
0 0 0 5A00 5A00 5A00    
0 0 0 5B00 5B00 5B00    
0 0 0 5C00 5C00 5C00    
0 0 0 5D00 5D00 5D00    
0 0 0 5E00 5E00 5E00    
0 0 0 5F00 5F00 5F00    
0 0 0 6000 6000 6000    
0 0 0 6100 6100 6100    
0 0 0 6200 6200 6200    
0 0 0 6300 6300 6300    
0 0 0 6400 6400 6400    
0 0 0 6500 6500 6500    
0 0 0 6600 6600 6600    
0 0 0 6700 6700 6700    
0 0 0 6800 6800 6800    
0 0 0 6900 6900 6900    
0 0 0 6A00 6A00 6A00    
0 0 0 6B00 6B00 6B00    
0 0 0 6C00 6C00 6C00    
0 0 0 6D00 6D00 6D00    
0 0 0 6E00 6E00 6E00    
0 0 0 6F00 6F00 6F00    
0 0 0 7000 7000 7000    
0 0 0 7100 7100 7100    
0 0 0 7200 7200 7200    
0 0 0 7300 7300 7300    
0 0 0 7400 7400 7400    
0 0 0 7500 7500 7500    
0 0 0 7600 7600 7600    
0 0 0 7700 7700 7700    
0 0 0 7800 7800 7800    
0 0 0 7900 7900 7900    
0 0 0 7A00 7A00 7A00    
0 0 0 7B00 7B00 7B00    
0 0 0 7C00 7C00 7C00    
0 0 0 7D00 7D00 7D00    
0 0 0 7E00 7E00 7E00    
0 0 0 7F00 7F00 7F00    
0 0 0 8000 8000 8000    
0 0 0 8100 8100 8100    
0 0 0 8200 8200 8200    
0 0 0 8300 8300 8300    
0 0 0 8400 8400 8400    
0 0 0 8500 8500 8500    
0 0 0 8600 8600 8600    
0 0 0 8700 8700 8700    
0 0 0 8800 8800 8800    
0 0 0 8900 8900 8900    
0 0 0 8A00 8A00 8A00    
0 0 0 8B00 8B00 8B00    
0 0 0 8C00 8C00 8C00    
0 0 0 8D00 8D00 8D00    
0 0 0 8E00 8E00 8E00    
0 0 0 8F00 8F00 8F00    
0 0 0 9000 9000 9000    
0 0 0 9100 9100 9100    
0 0 0 9200 9200 9200    
0 0 0 9300 9300 9300    
0 0 0 9400 9400 9400    
0 0 0 9500 9500 9500    
0 0 0 9600 9600 9600    
0 0 0 9700 9700 9700    
0 0 0 9800 9800 9800    
0 0 0 9900 9900 9900    
0 0 0 9A00 9A00 9A00    
0 0 0 9B00 9B00 9B00    
0 0 0 9C00 9C00 9C00    
0 0 0 9D00 9D00 9D00    
0 0 0 9E00 9E00 9E00    
0 0 0 9F00 9F00 9F00    
0 0 0 A000 A000 A000    
0 0 0 A100 A100 A100    
0 0 0 A200 A200 A200    
0 0 0 A300 A300 A300    
0 0 0 A400 A400 A400    
0 0 0 A500 A500 A500    
0 0 0 A600 A600 A600    
0 0 0 A700 A700 A700    
0 0 0 A800 A800 A800    
0 0 0 A900 A900 A900    
0 0 0 AA00 AA00 AA00    
0 0 0 AB00 AB00 AB00    
0 0 0 AC00 AC00 AC00    
0 0 0 AD00 AD00 AD00    
0 0 0 AE00 AE00 AE00    
0 0 0 AF00 AF00 AF00    
0 0 0 B000 B000 B000    
0 0 0 B100 B100 B100    
0 0 0 B200 B200 B200    
0 0 0 B300 B300 B300    
0 0 0 B400 B400 B400    
0 0 0 B500 B500 B500    
0 0 0 B600 B600 B600    
0 0 0 B700 B700 B700    
0 0 0 B800 B800 B800    
0 0 0 B900 B900 B900    
0 0 0 BA00 BA00 BA00    
0 0 0 BB00 BB00 BB00    
0 0 0 BC00 BC00 BC00    
0 0 0 BD00 BD00 BD00    
0 0 0 BE00 BE00 BE00    
0 0 0 BF00 BF00 BF00    
0 0 0 C000 C000 C000    
0 0 0 C100 C100 C100    
0 0 0 C200 C200 C200    
0 0 0 C300 C300 C300    
0 0 0 C400 C400 C400    
0 0 0 C500 C500 C500    
0 0 0 C600 C600 C600    
0 0 0 C700 C700 C700    
0 0 0 C800 C800 C800    
0 0 0 C900 C900 C900    
0 0 0 CA00 CA00 CA00    
0 0 0 CB00 CB00 CB00    
0 0 0 CC00 CC00 CC00    
0 0 0 CD00 CD00 CD00    
0 0 0 CE00 CE00 CE00    
0 0 0 CF00 CF00 CF00    
0 0 0 D000 D000 D000    
0 0 0 D100 D100 D100    
0 0 0 D200 D200 D200    
0 0 0 D300 D300 D300    
0 0 0 D400 D400 D400    
0 0 0 D500 D500 D500    
0 0 0 D600 D600 D600    
0 0 0 D700 D700 D700    
0 0 0 D800 D800 D800    
0 0 0 D900 D900 D900    
0 0 0 DA00 DA00 DA00    
0 0 0 DB00 DB00 DB00    
0 0 0 DC00 DC00 DC00    
0 0 0 DD00 DD00 DD00    
0 0 0 DE00 DE00 DE00    
0 0 0 DF00 DF00 DF00    
0 0 0 E000 E000 E000    
0 0 0 E100 E100 E100       
0 0 0 E200 E200 E200       
0 0 0 E300 E300 E300       
0 0 0 E400 E400 E400       
0 0 0 E500 E500 E500       
0 0 0 E600 E600 E600       
0 0 0 E700 E700 E700       
0 0 0 E800 E800 E800       
0 0 0 E900 E900 E900       
0 0 0 EA00 EA00 EA00       
0 0 0 EB00 EB00 EB00       
0 0 0 EC00 EC00 EC00       
0 0 0 ED00 ED00 ED00       
0 0 0 EE00 EE00 EE00       
0 0 0 EF00 EF00 EF00       
0 0 0 F000 F000 F000       
0 0 0 F100 F100 F100       
0 0 0 F200 F200 F200       
0 0 0 F300 F300 F300       
0 0 0 F400 F400 F400       
0 0 0 F500 F500 F500       
0 0 0 F600 F600 F600       
0 0 0 F700 F700 F700       
0 0 0 F800 F800 F800       
0 0 0 F900 F900 F900       
0 0 0 FA00 FA00 FA00       
0 0 0 FB00 FB00 FB00       
0 0 0 FC00 FC00 FC00       
0 0 0 FD00 FD00 FD00       
0 0 0 FE00 FE00 FE00                           
                                  
                                  
                                  
                                  
                                  
                                  
                                  
                                  
                                  
                                  
                                  
                                  
                                  
                                  
                                  
                                  
                                  
                                  
                                  
                                  
                                  
                                  
                                  
                                  
                                  
                                  
                                  
                                  
                                  
                                  
                                  
                                  
                                  
                                  
                                  
                                  
                                  
                                  
                                  
                                  
                                  
                                  
                                  
                                  
                                  
                                  
                                  
                                  
                                  
                                  
                                  
                                  
                                  
                                  
                                  
                                  
                                  
                                  
                                  
                                  
                                  
                                  
                                  
                                  
                                  
                                  
                                  
                                  
                                  
                                  
                                  
                                  
                                  
                                  
                                  
                                  
                                  
                                  
                                  
                                  
                                  
                                  
                                  
                                  
                                  
                                  
                                  
                                  
                                  
                                  
                                  
                                  
                                  
                                  
                                  
                                  
                                  
                                  
                                  
                                  
                                  
                                  
                                  
                                  
                                  
                                  
                                  
                                  
                                  
                                  
                                  
                                  
                                  
                                  
                                  
                                  
                                  
                                  
                                  
                                  
                                  
                                  
                                  
                                  
                                  
                                  
                                  
                                  
                                  
                                  
                                  
                                  
                                  
                                  
                                  
                                  
                                  
                                  
                                  
                                  
                                  
                                  
                                  
                                  
                                  
                                  
                                  
                                  
                                  
                                  
                                  
                                  
                                  
                                  
                                  
                                  
                                  
                                  
                                  
                                  
                                  
                                  
                                  
                                  
                                  
                                  
                                  
                                  
                                  
                                  
                                  
                                  
                                  
                                  
                                  
                                  
                                  
                                  
                                  
                                  
                                  
                                  
                                  
                                  
                                  
                                  
                                  
                                  
                                  
                                  
                                  
                                  
                                  
                                  
                                  
                                  
                                  
                                  
                                  
                                  
                                  
                                  
                                  
                                  
                                  
                                  
                                  
                                  
                                  
                                  
                                  
                                  
                                  
                                  
                                  
                                  
                                  
                                  
                                  
                                  
                                  